430
307
232
876
781
479
884
718
228
643
111
398
637
763
589
278
999
369
187
525
973
106
927
513
300
223
994
485
898
401
606
329
709
190
557
490
21
794
209
602
437
672
352
426
435
941
56
434
663
244
311
636
350
590
149
2
813
495
487
712
897
445
393
606
987
950
96
361
744
657
315
533
329
667
311
764
960
368
550
623
612
214
259
314
804
760
316
618
256
155
682
153
953
75
111
292
377
207
653
122
217
320
7
546
987
319
663
948
687
213
923
651
427
535
317
584
295
985
554
903
140
236
408
445
311
519
738
688
79
743
162
296
64
170
842
403
841
505
703
880
71
627
883
850
162
200
434
809
185
988
713
677
576
121
475
887
993
213
928
72
308
90
368
724
612
562
128
805
68
831
685
491
458
568
341
972
120
128
782
305
468
495
335
45
968
810
284
961
375
212
385
35
655
753
760
619
316
888
425
736
71
462
227
882
383
920
854
503
400
988
161
869
835
496
266
156
658
550
117
385
763
503
420
418
608
180
389
276
420
814
364
844
277
943
726
660
864
932
515
616
921
676
837
108
524
103
264
534
654
734
919
769
237
692
539
197
872
928
826
645
743
190
489
372
134
567
384
350
851
251
966
124
280
804
233
804
907
497
691
913
231
610
682
820
302
221
370
527
150
196
524
245
386
365
969
520
284
705
870
135
956
189
260
236
993
493
393
252
342
436
166
926
398
848
746
53
422
116
580
924
664
456
521
51
821
842
923
105
547
146
592
855
335
852
444
680
697
837
932
40
625
98
966
23
299
64
76
73
533
8
997
197
464
870
600
637
712
524
94
259
670
687
114
5
891
910
685
589
99
969
981
724
420
299
748
719
715
824
144
248
185
141
798
1
11
398
639
75
922
85
334
944
124
800
301
16
711
338
957
810
308
290
887
728
941
635
799
656
811
295
905
996
788
55
998
799
453
989
226
728
74
560
672
199
712
326
567
775
664
876
938
324
166
825
404
107
460
555
763
271
850
20
620
638
75
970
789
881
959
15
609
33
927
633
584
640
959
503
415
624
379
353
948
545
530
705
4
990
260
768
614
111
140
586
749
568
556
539
449
515
906
58
900
834
691
837
474
651
340
241
627
720
947
927
265
477
632
270
820
893
390
786
356
882
372
457
450
280
996
899
795
255
309
47
89
1
884
915
4
225
156
983
945
455
910
562
933
895
832
105
140
574
891
496
457
615
953
259
895
302
159
42
557
468
89
998
821
974
913
177
199
421
160
496
877
71
58
162
966
243
267
458
169
510
954
978
125
259
238
372
913
749
414
470
569
855
820
391
181
733
568
380
155
729
228
384
152
287
546
470
530
813
928
699
675
234
678
152
493
268
524
407
17
290
229
586
497
50
329
679
135
898
411
290
979
640
26
131
927
572
953
809
737
881
860
412
115
890
916
960
158
440
367
527
82
597
114
580
999
443
611
134
693
22
777
672
662
803
155
941
728
108
102
465
341
315
230
456
205
146
417
716
939
136
243
21
85
357
953
84
153
916
571
846
939
348
871
953
503
378
247
231
487
701
49
180
16
279
637
222
425
406
290
364
542
533
738
980
891
43
64
396
312
987
242
251
687
465
556
191
844
155
774
683
857
823
863
225
102
852
799
880
258
89
596
153
623
686
133
866
82
549
262
394
537
856
997
224
674
553
767
518
61
542
553
270
717
416
495
172
269
295
52
879
384
0
384
359
687
517
225
769
419
839
163
308
696
160
532
722
65
652
240
478
546
793
748
263
561
244
435
182
891
839
62
627
192
446
987
879
316
564
0
87
404
515
395
452
27
279
174
92
931
766
571
829
911
671
93
472
267
880
655
158
72
69
138
264
867
125
495
535
41
495
622
797
10
369
249
389
649
775
481
932
893
404
762
804
428
207
629
695
439
636
206
511
57
344
127
924
821
622
460
862
469
434
660
831
804
261
220
453
389
54
737
282
810
851
439
238
410
420
286
850
408
492
713
465
836
193
389
657
815
201
519
637
636
531
820
440
793
41
245
182
447
334
816
257
186
607
848
948
379
134
150
787
626
864
604
462
57
346
119
224
547
990
213
183
522
34
975
315
427
572
849
874
907
17
483
445
977
331
393
708
817
544
848
443
760
452
257
169
798
728
745
346
719
959
881
241
345
209
908
772
781
109
646
688
478
129
133
807
813
879
516
630
423
364
426
183
816
683
704
967
412
449
313
131
408
546
724
753
755
984
877
537
445
523
577
923
5
63
731
170
942
247
800
717
963
578
252
779
262
956
98
26
405
763
509
166
310
233
271
417
569
149
306
14
24
884
937
381
947
20
551
241
267
704
958
582
282
210
714
896
518
812
922
923
576
431
441
886
16
65
303
585
214
610
599
590
846
889
972
145
909
523
386
529
579
344
111
862
906
825
758
424
990
681
699
566
464
493
804
481
558
459
66
772
421
18
714
267
259
686
412
168
562
798
49
141
494
513
355
752
690
114
528
680
147
228
246
611
721
402
444
279
862
863
403
283
233
117
903
492
156
315
12
718
466
62
859
312
927
215
65
617
681
593
298
180
173
896
143
246
299
588
525
513
451
280
796
684
750
699
528
906
367
540
624
833
602
835
497
881
402
562
499
435
508
149
615
681
45
759
928
696
347
805
209
150
438
358
186
188
57
714
94
424
254
70
609
209
257
459
90
12
21
941
447
881
90
63
915
488
174
195
536
873
352
98
23
790
456
561
330
865
275
776
642
881
846
251
442
456
710
885
468
84
826
915
317
917
330
232
757
504
779
293
729
132
743
752
274
199
665
605
65
940
381
707
174
580
310
616
388
373
501
856
809
680
771
478
949
454
711
706
310
842
351
40
326
95
144
601
646
810
558
711
102
291
770
276
223
433
245
611
158
98
467
967
778
591
445
727
397
508
785
707
703
489
747
29
584
892
982
230
54
540
294
156
184
416
785
407
849
382
19
7
480
838
326
259
429
124
338
826
632
476
886
687
965
633
717
901
877
699
483
283
592
777
792
776
546
577
183
395
959
554
755
439
393
433
50
174
557
741
353
542
217
239
229
182
224
298
83
454
998
566
737
590
696
529
366
242
458
901
989
417
456
96
209
849
882
611
375
439
704
728
333
921
967
915
455
192
213
890
646
211
809
383
153
857
265
871
451
723
773
792
493
581
889
54
782
123
17
157
914
722
886
248
643
853
163
451
397
376
341
43
940
150
779
93
359
396
317
810
119
90
603
964
671
844
18
805
967
36
962
881
758
848
129
753
54
644
204
451
373
898
847
313
400
978
758
760
374
75
570
845
517
173
810
540
17
180
345
336
568
308
218
678
508
699
784
562
696
340
366
69
238
213
734
639
543
492
751
917
920
321
114
789
847
276
330
216
457
675
553
377
335
123
56
844
822
840
758
518
180
124
939
771
689
673
762
584
518
513
853
790
834
968
579
33
596
909
250
53
937
155
783
624
278
839
820
452
31
579
323
563
55
262
334
97
288
96
33
806
609
887
596
796
207
527
829
803
789
431
209
726
586
992
702
216
183
523
669
214
454
992
777
509
606
464
958
894
560
992
52
522
879
0
318
86
528
499
241
317
931
450
395
869
442
97
86
625
972
107
191
426
451
321
936
57
785
246
304
697
238
708
219
469
709
889
907
589
741
149
258
24
951
653
893
394
102
331
371
75
790
915
501
241
236
789
651
373
36
307
70
626
15
642
448
724
531
355
665
272
856
923
648
160
576
542
554
31
225
277
106
16
544
607
257
780
749
260
505
137
567
576
763
583
570
211
659
453
919
677
726
127
600
374
287
529
268
193
560
846
823
666
862
367
625
471
500
726
732
5
863
651
933
627
586
503
190
246
957
461
923
35
941
875
761
228
404
382
774
316
228
597
334
90
316
960
913
816
686
997
822
902
649
755
529
235
611
71
833
568
533
108
603
474
984
364
54
740
98
828
57
326
777
391
416
94
703
682
910
742
679
84
644
328
840
525
916
451
596
749
371
481
210
326
955
546
42
362
286
141
542
695
467
320
439
236
414
142
918
676
236
597
761
880
278
953
405
194
756
354
295
127
835
505
453
143
51
495
505
690
636
47
385
456
719
824
692
133
319
610
162
555
207
923
436
837
228
193
31
984
547
327
463
735
184
916
878
236
763
735
278
752
134
15
208
854
840
900
339
511
862
501
66
421
776
854
259
4
400
290
340
299
969
803
34
154
71
264
742
835
351
20
939
486
35
147
692
227
399
383
90
261
237
509
682
13
715
293
370
115
584
710
767
905
514
801
59
585
418
153
772
769
173
711
607
561
210
651
140
609
35
231
222
272
740
905
637
455
198
359
923
134
70
690
40
936
843
451
873
261
605
998
383
130
61
990
43
272
642
184
881
29
767
104
653
859
361
290
666
911
2
589
398
72
279
438
360
475
241
585
736
198
583
471
681
645
462
724
269
456
260
502
837
379
606
490
238
319
780
905
583
782
494
981
206
126
771
918
601
12
856
689
563
791
161
244
788
975
320
57
783
933
560
620
312
518
110
903
190
242
808
773
377
654
754
583
132
525
854
85
889
710
775
452
501
288
48
642
615
721
699
398
654
611
370
318
130
480
221
320
722
29
93
99
36
199
35
168
724
241
254
613
951
381
418
804
669
818
446
636
539
498
34
193
109
404
512
239
236
733
911
310
115
356
762
151
555
797
671
279
390
277
245
693
658
15
497
679
833
296
315
373
794
701
918
255
457
430
847
693
516
758
4
983
115
766
486
670
915
157
302
305
787
899
998
445
914
847
477
747
495
144
472
289
846
391
897
303
173
744
349
689
502
353
24
969
471
510
640
386
668
294
43
807
193
393
252
107
592
81
206
88
226
679
729
424
70
626
79
243
370
428
285
225
781
309
194
604
820
834
342
840
480
385
647
673
130
251
132
723
333
339
811
911
18
540
335
88
519
766
683
889
195
968
114
328
630
309
933
450
495
275
642
976
13
289
1
495
892
134
218
577
473
381
488
491
274
175
931
793
942
966
682
137
287
797
817
917
458
102
719
305
730
361
281
743
2
283
590
894
769
809
472
242
542
312
85
816
488
368
609
782
334
292
271
621
441
88
890
251
191
609
556
921
970
190
16
324
825
606
219
594
767
43
188
310
355
273
478
843
641
88
977
327
732
248
301
525
337
191
776
528
801
684
801
123
874
817
448
699
775
19
645
543
62
833
205
769
106
683
965
99
123
942
427
855
191
728
380
528
271
508
408
72
193
209
548
67
378
348
119
153
719
116
48
781
950
253
550
408
289
867
860
764
810
639
620
1
367
352
529
990
213
937
415
406
498
963
825
876
663
944
29
382
413
78
515
363
683
417
123
324
285
983
89
95
622
61
96
341
765
625
332
978
914
747
384
764
62
210
640
725
506
21
459
919
99
974
634
135
391
758
811
28
93
900
123
68
313
219
409
431
196
93
409
462
840
146
226
254
708
218
331
566
240
790
838
691
116
472
826
860
582
990
888
28
242
12
96
556
583
505
987
780
951
748
594
143
894
173
398
602
391
81
169
631
872
7
323
988
831
501
848
766
843
89
794
86
101
890
642
684
747
981
816
50
729
763
194
624
936
592
578
327
25
99
311
897
458
986
238
290
839
438
408
683
527
202
769
980
444
763
665
543
744
833
594
473
596
140
449
532
732
28
212
109
479
523
7
938
861
597
580
700
387
988
383
267
542
152
247
986
915
264
881
11
98
827
485
46
967
286
931
51
314
143
161
146
18
520
84
879
117
664
579
856
652
315
123
194
819
371
532
735
635
765
98
85
593
935
484
912
222
415
964
888
558
125
34
928
997
118
807
114
782
738
970
786
53
94
332
873
817
216
960
804
334
58
242
927
994
726
191
216
141
155
104
51
632
139
979
629
609
786
95
744
876
418
882
930
864
567
803
681
783
763
837
117
173
79
396
167
805
940
735
946
95
192
997
80
683
328
61
292
114
157
388
343
927
271
273
791
838
428
824
973
543
661
443
716
741
191
236
546
131
971
845
579
163
194
659
846
523
720
491
989
229
879
332
156
502
605
947
340
33
771
666
576
785
109
293
526
300
881
424
432
852
269
11
368
464
670
566
987
742
57
976
324
289
309
480
791
266
780
484
300
903
150
228
688
259
873
214
911
754
991
343
959
260
706
327
76
728
893
415
471
303
392
795
944
53
627
87
319
407
923
971
663
73
552
351
684
425
566
596
532
557
291
491
169
998
170
246
726
415
661
549
70
405
696
14
810
324
454
482
83
377
805
746
451
357
98
487
135
16
83
19
925
727
510
446
725
32
44
451
447
706
1
870
463
49
884
274
373
338
108
457
716
913
555
519
271
653
6
758
21
442
777
298
169
639
745
246
671
789
49
470
847
402
340
311
452
577
937
825
267
45
634
335
310
542
206
581
547
213
691
569
7
468
867
528
459
964
126
482
754
175
305
601
578
997
264
382
574
553
207
194
598
194
529
261
736
736
842
635
301
886
204
660
706
424
540
166
388
666
0
494
841
305
96
771
303
712
153
229
266
713
775
216
907
657
477
995
393
672
630
46
558
187
58
264
963
598
782
703
264
783
198
457
440
646
229
95
358
382
325
976
447
452
193
706
109
22
701
854
694
684
900
604
223
310
221
186
908
3
241
172
138
439
630
931
85
211
26
796
945
703
772
393
156
317
99
265
340
153
472
34
189
372
639
412
683
212
950
943
567
543
468
706
983
98
989
420
661
15
216
606
71
341
999
579
658
451
844
998
604
316
385
793
41
376
557
76
588
859
371
155
402
839
213
737
289
554
158
950
570
726
557
993
67
908
572
78
711
768
428
315
437
813
460
830
541
369
258
481
580
629
637
983
469
202
720
758
757
230
709
679
309
618
24
376
878
596
806
590
364
235
257
153
400
718
983
942
439
241
423
20
871
412
3
340
967
75
450
76
658
511
107
967
129
131
695
360
727
502
950
443
89
207
949
489
277
932
783
717
526
207
89
397
971
92
89
290
519
891
366
529
403
473
496
532
956
544
244
35
46
194
479
135
754
780
976
383
712
760
452
590
319
541
339
290
985
780
581
857
672
299
386
75
773
235
959
729
779
204
765
825
750
596
312
856
728
640
240
792
400
692
383
719
586
722
362
571
503
295
428
175
594
815
602
719
50
561
801
829
117
566
6
868
514
670
724
242
662
316
34
63
9
769
134
947
492
496
518
347
791
947
874
738
114
476
457
516
389
258
697
507
176
55
375
690
77
451
284
739
768
671
802
129
440
289
76
284
785
594
631
929
893
505
667
359
333
124
875
723
383
924
230
559
979
957
602
56
408
238
796
528
261
950
657
702
239
733
338
377
680
322
658
925
179
325
637
513
801
512
236
536
437
818
448
768
127
402
825
535
640
973
64
254
275
721
956
515
807
646
244
839
968
902
116
148
579
753
13
380
618
601
917
55
419
717
823
546
119
0
433
111
973
497
365
249
571
673
116
730
320
360
921
288
614
37
788
193
143
801
925
761
402
194
816
173
911
991
719
30
344
505
142
317
354
507
918
277
181
386
7
853
98
280
493
712
670
282
257
813
435
183
574
838
377
742
363
289
85
435
671
429
940
165
99
294
673
369
572
206
756
931
59
854
212
552
919
234
186
176
47
622
711
621
812
441
715
175
82
800
610
753
230
902
919
681
197
944
50
121
502
806
52
561
13
616
465
932
850
4
460
249
626
172
222
790
613
937
317
47
90
928
800
320
830
71
353
379
367
403
500
869
210
905
782
223
873
248
507
76
604
967
325
582
491
548
372
456
837
689
503
927
969
656
599
152
79
952
531
447
356
384
316
918
289
99
493
514
699
352
590
303
319
268
885
163
168
609
619
5
650
475
285
620
131
236
772
210
189
303
657
897
39
326
167
328
777
12
195
476
364
785
131
683
53
368
198
221
329
818
579
979
645
216
599
776
452
371
338
993
27
348
890
418
674
409
747
451
421
294
279
785
79
762
821
485
482
19
58
811
189
989
790
834
205
742
962
658
465
301
3
844
649
894
263
675
655
362
126
77
656
757
214
735
519
387
572
353
407
631
164
948
972
306
135
178
48
97
188
514
750
191
358
751
437
621
426
93
983
904
522
639
661
736
727
532
476
651
885
883
634
401
183
607
708
318
137
108
768
325
622
870
868
333
622
658
306
400
103
290
305
625
281
318
713
360
851
189
12
88
424
646
842
960
605
550
630
742
658
398
419
633
621
640
966
243
298
272
643
401
914
300
378
548
619
443
908
822
985
920
262
409
919
104
369
524
6
352
267
665
102
38
650
723
678
968
318
976
592
314
729
507
614
107
55
585
551
315
407
536
236
22
297
507
126
19
383
133
371
2
150
473
41
152
549
719
120
867
696
712
181
777
571
148
885
626
733
788
942
493
676
530
515
325
389
993
344
772
478
67
775
980
893
816
132
442
535
604
309
583
669
843
713
240
991
598
219
724
738
513
217
414
43
84
91
784
78
788
556
556
855
331
889
100
499
373
894
387
978
204
322
647
399
35
239
390
985
458
466
723
971
36
489
366
120
581
150
550
369
707
459
576
390
348
29
890
721
923
277
699
479
599
698
878
635
938
268
620
396
87
696
720
123
185
86
243
118
237
794
839
944
253
416
334
601
797
576
674
720
853
726
200
453
424
78
440
714
699
412
463
786
108
183
909
646
621
504
764
858
298
604
154
903
372
841
856
169
417
531
889
623
257
441
428
33
520
868
100
571
632
563
709
741
98
618
387
719
474
151
930
773
107
84
676
479
277
533
0
695
416
242
670
25
683
98
58
555
318
158
478
950
73
187
691
523
157
430
595
632
934
525
405
41
961
433
873
239
318
225
286
734
467
956
111
503
54
170
58
724
680
537
674
106
76
366
629
234
148
224
866
82
101
623
124
63
408
349
654
727
574
940
813
42
248
925
545
654
447
955
378
479
844
52
585
921
770
567
155
919
143
373
1
597
996
477
660
756
826
314
835
401
606
1
795
854
926
692
508
725
647
886
556
492
290
494
413
61
61
920
980
556
293
333
153
641
811
165
749
989
831
585
742
789
586
537
995
864
229
503
941
229
741
497
721
32
991
486
445
52
758
425
961
403
110
466
44
921
984
145
263
167
730
5
957
668
543
952
532
124
808
473
353
549
971
426
933
962
912
378
367
22
155
680
425
266
146
821
539
482
967
802
650
697
808
607
366
703
559
250
827
367
724
533
269
47
959
202
361
224
933
80
246
88
760
672
354
259
493
894
741
812
48
391
862
856
350
228
559
262
830
739
981
906
272
250
953
583
805
667
159
738
747
406
178
508
430
533
119
275
779
860
88
827
604
950
36
306
530
595
568
712
686
902
619
310
504
572
246
309
591
405
399
339
163
930
847
593
463
966
221
594
178
661
421
134
611
457
793
493
405
361
205
443
615
176
754
120
749
0
781
340
757
533
31
921
463
878
866
278
196
87
872
727
748
293
213
711
103
6
556
508
720
114
303
335
290
57
807
391
409
589
84
519
122
115
440
937
346
306
215
894
394
87
621
494
732
187
558
835
545
114
695
265
228
999
953
519
408
760
910
818
701
994
337
175
110
129
112
456
435
327
702
181
414
676
28
147
863
586
334
408
700
30
26
281
29
979
800
437
91
62
607
793
57
296
968
519
425
433
327
213
760
29
746
527
705
774
26
920
360
360
329
413
390
355
694
771
686
846
209
129
908
168
274
317
465
595
836
242
28
163
807
140
545
554
667
602
680
693
523
393
406
852
806
796
559
852
568
597
698
129
78
606
297
353
924
114
948
112
709
976
628
516
116
173
70
136
775
103
181
298
496
587
502
302
736
413
154
656
10
204
785
89
810
434
794
86
901
742
199
610
70
827
126
538
352
549
674
479
652
208
778
148
795
632
802
883
46
308
539
408
512
676
849
674
463
643
761
364
385
312
974
807
491
452
346
843
353
372
322
5
580
452
505
728
437
307
611
483
615
503
891
127
179
741
802
642
736
915
6
474
579
332
281
70
785
979
265
490
352
939
496
284
744
1
364
181
661
976
664
276
831
907
756
10
0
910
653
737
177
11
211
756
696
844
826
833
824
443
323
528
382
819
812
478
173
529
659
834
857
675
462
688
583
218
698
935
480
703
672
657
715
235
413
763
432
591
596
256
34
919
784
769
739
948
247
264
477
259
450
334
934
912
22
869
483
73
805
963
776
829
973
843
417
386
606
849
330
202
105
364
474
241
485
565
541
85
829
371
344
279
57
630
543
432
500
26
505
305
342
633
134
315
829
551
53
787
752
383
342
209
100
816
450
585
381
344
22
562
715
718
193
124
349
736
556
849
115
61
154
457
47
640
124
876
192
177
663
944
913
5
154
13
173
956
950
906
652
973
468
367
691
661
492
40
750
400
241
865
814
395
674
861
36
150
89
580
327
104
876
592
462
382
605
635
691
556
542
343
881
10
63
924
24
907
317
774
307
558
991
121
306
17
334
694
167
423
274
846
880
502
439
342
885
44
977
928
952
871
271
185
234
686
110
610
593
779
384
253
689
727
374
995
744
61
689
911
836
315
757
716
818
196
58
55
593
388
335
897
259
606
83
845
645
545
455
238
324
191
491
365
918
218
361
662
279
402
925
467
718
35
184
888
231
242
295
176
630
630
74
242
588
509
87
233
54
895
824
730
86
315
447
5
885
808
19
516
563
945
984
281
980
168
521
563
762
168
92
745
150
166
987
738
27
426
324
433
321
148
163
760
815
610
765
701
771
136
569
334
81
553
967
413
73
840
977
836
8
69
581
158
587
920
896
614
698
572
399
372
72
562
132
888
524
897
941
647
33
510
981
467
416
300
880
489
140
209
325
148
630
258
306
569
178
555
535
877
479
934
249
552
848
381
440
725
630
733
372
15
595
706
834
11
6
67
853
147
628
530
647
611
789
306
180
319
213
68
196
692
354
797
244
203
530
36
928
512
769
652
880
717
358
714
728
717
133
933
216
762
464
863
373
253
169
905
572
382
973
121
427
328
270
671
883
801
60
163
313
181
815
545
898
526
260
979
243
393
912
459
507
376
674
880
981
844
138
554
578
111
27
5
791
297
29
26
450
89
189
116
270
357
661
169
883
921
500
478
667
412
289
174
789
963
407
122
159
545
676
738
8
55
95
152
705
124
178
155
565
720
271
836
429
933
357
312
206
857
142
225
269
431
752
410
394
159
533
554
56
561
644
64
969
739
216
674
216
747
829
781
467
453
969
896
386
678
560
944
535
54
170
157
485
922
919
231
433
804
137
489
718
781
905
687
873
122
713
89
221
542
222
688
995
192
936
733
870
848
30
758
902
552
267
739
826
186
322
259
343
460
100
61
593
5
100
466
127
813
907
700
355
130
740
703
674
676
788
896
876
818
6
130
370
273
221
196
812
544
807
155
356
907
568
949
913
668
768
392
481
675
93
188
157
833
243
183
862
32
80
90
202
86
573
925
712
794
473
524
690
633
31
46
540
599
348
805
619
116
550
100
143
995
640
653
828
884
836
42
268
268
485
822
707
58
99
771
204
573
295
895
558
678
293
98
277
641
256
896
109
806
348
605
801
988
610
981
224
446
376
492
67
861
315
126
271
414
897
475
339
544
722
897
222
16
348
851
9
604
99
119
762
799
76
915
787
686
896
12
484
624
856
903
837
171
29
108
938
926
936
629
822
658
527
44
674
227
247
36
183
698
155
945
497
583
212
637
269
460
649
105
85
857
9
922
381
38
383
319
317
671
300
139
329
179
536
356
406
135
392
589
834
899
886
683
834
98
320
103
559
321
560
996
179
569
270
560
960
653
231
629
324
531
768
6
711
656
714
469
144
106
411
330
357
297
13
191
748
334
646
307
655
206
303
186
128
573
98
88
579
681
717
255
565
837
613
628
846
327
97
990
785
508
672
142
158
685
685
906
371
331
213
379
890
868
565
18
793
16
458
372
697
527
980
262
364
593
890
562
921
988
904
58
848
576
201
6
614
886
912
985
570
125
364
460
345
930
830
139
946
288
863
995
815
843
258
531
437
148
94
710
136
350
768
985
927
321
343
541
560
256
878
130
381
243
942
79
525
772
218
823
412
81
818
227
925
76
110
714
225
556
776
713
907
544
50
186
866
394
79
426
2
957
908
383
200
202
814
725
974
32
900
738
466
719
965
743
795
427
457
372
984
233
438
891
129
840
429
347
586
508
125
588
465
33
324
18
235
138
95
561
523
996
299
989
67
616
84
214
396
893
587
380
478
377
623
607
569
52
955
156
912
80
744
377
466
420
747
53
559
843
967
82
191
618
423
258
235
507
472
631
400
411
363
878
140
986
837
710
390
792
866
302
225
962
31
43
383
779
96
294
974
415
728
165
34
151
775
269
10
247
252
762
11
967
992
151
953
829
213
695
974
79
997
551
394
28
594
129
159
42
423
133
458
151
298
492
654
425
113
664
673
717
778
36
684
770
539
989
599
753
684
925
184
681
476
578
61
70
707
221
465
482
354
275
985
5
767
639
430
232
655
455
949
433
491
985
203
383
974
155
136
658
80
320
691
557
251
752
979
310
325
796
793
680
71
778
37
838
770
819
422
425
275
723
211
118
708
414
501
34
921
989
692
354
310
735
911
561
840
242
871
165
39
16
197
110
147
234
301
917
54
723
342
681
799
905
151
507
320
5
542
593
994
586
947
304
322
210
217
514
453
441
679
844
457
229
954
956
463
607
873
869
683
568
902
482
473
54
341
145
59
235
739
53
822
38
710
496
249
927
10
54
720
41
898
178
270
204
134
86
164
360
307
847
928
210
681
753
616
22
899
27
258
990
432
432
28
142
280
277
422
290
683
142
683
581
672
306
138
159
744
302
519
51
149
799
613
182
552
229
204
451
608
814
793
41
598
822
535
878
451
309
520
135
452
204
68
476
862
206
987
606
508
506
657
9
657
271
191
562
852
396
13
461
562
159
854
161
981
389
39
432
699
560
919
503
116
988
331
978
194
319
584
55
177
593
64
835
216
256
397
421
4
762
882
566
921
88
79
254
829
471
39
528
31
958
383
499
298
715
477
845
386
413
900
563
6
964
750
575
572
499
996
576
614
878
495
887
318
926
142
147
397
181
28
780
491
411
279
790
478
108
987
216
521
887
780
880
203
882
455
128
382
451
56
348
681
903
235
999
830
377
146
579
910
174
360
402
938
639
544
768
748
531
985
621
770
117
501
325
999
956
453
733
407
510
81
88
413
317
87
595
46
586
175
309
760
535
711
50
526
607
819
626
490
156
248
260
273
749
585
624
706
391
358
465
901
791
554
314
460
993
910
507
579
437
816
692
972
879
742
498
838
913
125
328
421
725
940
694
474
877
319
532
268
29
998
169
820
904
836
281
897
98
140
829
535
308
521
859
539
615
709
377
881
186
57
302
911
997
349
738
226
668
270
495
49
620
16
221
524
204
854
774
654
994
603
189
654
476
400
193
91
110
922
324
296
979
627
208
328
976
946
555
996
568
50
397
189
418
618
65
623
473
839
277
819
794
819
474
270
219
19
714
329
942
38
978
921
17
186
250
345
484
157
341
52
559
738
241
977
709
307
952
182
498
582
353
293
401
179
915
972
199
981
654
493
20
632
414
389
170
16
735
654
173
428
58
732
519
300
62
228
959
14
762
809
596
115
454
349
295
370
674
846
703
328
339
75
312
105
465
834
122
552
840
647
980
898
732
499
550
794
79
861
808
841
671
757
309
477
106
956
199
132
802
903
812
493
978
476
598
443
310
72
995
502
720
328
401
452
179
303
598
259
165
406
452
188
515
761
665
974
69
865
106
223
768
919
716
98
395
315
542
58
739
889
560
459
569
313
263
749
617
861
360
782
620
164
322
135
926
987
461
347
204
568
571
324
487
287
423
234
954
317
292
694
558
205
505
128
518
121
229
135
334
589
269
954
753
591
442
31
931
903
379
135
823
950
460
662
589
235
897
544
552
541
590
110
746
95
238
265
216
467
752
903
408
22
209
162
965
651
545
896
907
924
32
82
226
844
745
168
79
994
712
631
535
302
93
634
749
332
251
318
151
3
221
560
377
430
74
343
434
619
591
693
896
623
775
122
819
872
290
898
866
354
881
402
8
975
388
758
659
639
428
810
994
649
722
372
431
796
67
217
416
658
910
312
634
38
786
453
910
429
704
777
783
585
531
792
560
919
902
571
910
330
382
904
331
104
628
114
253
695
332
669
706
594
333
692
632
119
145
895
548
201
672
684
787
555
828
699
474
730
271
736
412
5
640
95
109
269
209
362
316
541
383
374
488
716
66
120
188
564
15
88
765
39
124
552
594
952
604
420
34
227
156
446
232
797
893
341
418
103
56
86
996
791
461
484
508
879
957
48
443
324
488
209
364
613
113
310
917
69
731
952
296
239
750
528
388
644
222
806
99
630
245
447
421
58
284
281
937
241
329
733
565
170
942
281
783
407
592
700
477
675
4
125
914
755
654
303
399
876
461
850
506
58
297
927
116
581
561
406
174
890
139
92
412
433
373
195
840
317
248
669
992
252
795
907
359
801
562
758
29
375
960
535
434
258
814
550
191
375
956
366
618
447
458
30
880
831
578
73
149
178
94
493
782
889
400
142
42
314
900
71
690
213
606
124
471
773
26
662
500
335
380
470
782
838
501
15
22
431
88
523
609
182
16
391
424
769
533
466
435
786
538
125
999
496
601
822
621
980
836
122
667
217
592
449
55
445
816
429
876
904
952
837
439
969
581
215
90
466
681
525
604
571
3
955
68
604
777
689
936
614
163
603
831
108
405
238
553
221
668
782
478
620
971
917
941
552
132
383
19
165
909
975
737
264
931
157
868
708
198
157
674
362
760
857
470
165
96
375
739
764
157
217
736
129
134
30
33
618
413
404
783
674
380
520
938
311
29
159
371
228
316
46
590
428
903
412
946
351
787
685
467
945
902
556
426
388
586
459
6
351
864
141
378
596
14
316
907
43
827
630
271
495
676
861
276
932
273
222
635
413
907
103
358
161
659
136
549
597
595
907
300
811
48
678
407
62
347
666
106
174
297
729
22
325
943
298
609
568
520
245
981
779
348
339
940
359
827
841
956
775
100
256
938
500
287
346
915
634
364
373
808
13
102
830
339
45
128
948
614
0
193
595
779
893
287
71
252
114
264
560
241
716
169
180
217
456
878
132
442
242
857
250
608
959
433
947
5
913
247
971
266
441
918
397
686
205
469
291
672
85
203
265
154
724
445
371
180
323
855
622
918
712
225
526
23
10
473
380
275
72
351
541
513
270
939
552
827
760
843
851
197
398
117
351
123
562
74
303
238
281
278
156
345
855
34
369
217
859
101
492
931
453
386
797
75
677
349
254
437
544
458
986
942
927
338
65
841
764
721
79
398
351
587
743
558
621
464
775
480
566
619
764
371
5
561
798
682
910
404
471
806
862
458
748
789
148
166
631
264
239
62
662
590
650
758
148
623
574
275
456
140
246
220
863
252
781
13
286
43
418
110
849
632
568
949
774
68
467
757
332
706
171
347
296
821
105
796
797
679
423
253
172
670
473
387
922
606
401
560
649
171
670
850
155
590
151
929
10
619
38
695
325
210
394
974
31
499
122
180
530
546
785
54
216
610
442
490
216
195
402
217
366
425
419
521
15
571
803
378
542
841
73
219
51
467
193
435
318
668
615
200
214
401
607
430
11
401
272
580
596
674
149
314
99
569
187
467
492
990
845
34
184
270
253
235
89
799
22
759
467
990
311
33
743
918
815
106
319
87
686
267
113
836
581
213
757
769
32
249
111
229
635
295
851
240
531
940
391
905
51
858
895
714
243
638
633
58
97
304
497
135
572
611
323
505
824
80
626
208
681
738
437
316
33
288
557
916
580
948
822
631
159
69
697
754
60
682
813
157
987
662
292
911
273
616
768
449
48
395
657
730
133
94
46
166
382
955
435
962
256
257
945
767
678
995
521
738
677
686
247
16
349
540
279
622
508
48
424
556
443
81
638
928
528
37
446
910
344
881
225
600
490
522
719
169
517
241
259
547
279
507
563
628
399
843
603
907
243
27
815
38
460
454
966
988
843
412
899
187
294
476
788
136
998
859
305
868
100
917
415
732
424
330
360
823
173
315
82
768
694
249
806
155
55
772
143
898
537
394
86
183
222
226
319
573
85
977
793
538
894
208
270
670
538
982
845
64
650
927
184
344
528
991
851
584
115
347
834
652
93
272
187
316
850
507
241
288
484
34
178
730
594
800
400
484
134
245
548
784
524
85
481
52
76
684
988
543
31
175
548
125
447
735
793
650
594
34
938
430
420
116
160
14
916
560
498
402
157
399
187
681
484
20
86
912
704
74
807
736
249
355
213
49
443
358
699
37
744
989
468
164
105
628
178
373
541
28
775
698
427
314
732
263
334
818
175
391
244
983
127
846
690
692
895
133
50
946
523
794
935
991
310
392
971
840
117
864
868
244
915
648
911
647
911
245
817
439
636
61
774
115
259
464
159
154
950
209
452
473
355
739
464
17
483
787
857
600
652
78
197
567
78
108
566
989
705
383
780
694
796
554
161
56
19
321
562
969
882
15
442
590
106
258
607
590
397
817
542
49
247
739
968
325
847
534
666
553
917
447
599
714
1
760
122
372
81
684
693
964
51
487
554
158
745
513
748
495
330
290
544
929
382
513
254
229
47
921
134
317
720
733
383
73
846
505
446
927
189
139
243
241
627
797
751
724
663
851
219
993
141
116
275
523
629
529
105
28
802
591
697
874
677
80
948
523
937
394
450
479
885
694
72
512
843
823
589
506
674
808
852
167
924
127
43
905
8
500
286
163
91
983
37
768
416
985
643
705
731
94
184
617
140
608
481
983
431
70
842
457
879
46
625
155
173
20
413
533
520
699
696
963
34
86
732
802
423
375
508
155
821
44
124
313
653
605
649
436
676
491
894
907
537
871
414
62
243
827
947
763
878
996
726
265
82
810
67
505
538
927
12
711
324
136
25
977
742
674
765
418
517
659
677
406
882
91
468
477
919
767
240
149
763
319
414
197
481
482
55
371
761
67
435
85
556
460
414
298
486
180
68
3
191
97
761
74
188
581
551
459
348
144
609
112
815
23
309
648
857
364
20
619
784
807
56
340
619
471
990
105
651
410
460
842
507
221
268
695
802
172
155
502
316
116
614
483
139
276
131
349
640
503
320
776
310
376
116
929
847
458
386
498
868
198
693
375
771
961
423
573
133
930
76
801
398
42
636
889
318
120
238
311
623
558
439
286
287
556
567
134
366
306
985
235
504
678
962
276
991
737
201
477
19
629
278
417
672
915
307
342
35
545
5
10
456
445
648
743
353
568
229
719
874
566
306
730
244
269
6
588
358
560
65
378
189
695
795
213
962
102
908
349
0
913
712
808
710
360
903
63
928
132
135
154
699
441
885
295
62
243
883
421
803
300
799
993
996
946
206
310
401
466
660
753
380
372
561
442
84
464
506
13
948
993
519
999
434
756
295
497
0
530
270
803
183
421
148
179
367
707
841
120
173
501
873
905
873
786
348
958
602
854
323
551
847
194
550
633
951
197
482
951
80
752
106
263
173
255
794
541
962
635
661
487
137
887
393
362
673
741
672
276
947
347
179
794
542
81
779
493
279
262
796
711
14
902
974
540
509
120
81
823
755
94
311
244
333
704
959
7
445
983
635
392
331
814
538
225
895
669
70
526
931
866
237
298
120
563
838
982
683
271
805
791
717
116
387
51
172
346
410
969
330
45
713
13
211
603
238
458
273
308
985
556
526
574
854
646
138
44
980
173
315
786
316
385
254
704
788
427
402
198
748
84
595
462
97
806
65
687
264
690
995
601
247
873
528
453
520
666
498
852
191
165
638
508
902
893
564
690
672
966
888
420
403
835
882
500
641
300
540
258
990
535
211
237
409
739
691
281
757
541
133
949
706
124
809
609
369
725
651
41
43
540
461
446
375
696
299
369
996
839
979
986
726
190
576
487
930
267
120
39
160
606
340
218
730
501
179
99
226
831
492
270
371
953
68
98
649
367
819
997
558
798
984
285
341
912
124
623
179
245
662
691
203
3
909
933
504
89
384
83
920
876
353
643
181
773
741
183
141
913
180
51
711
516
688
52
428
813
675
959
410
690
650
613
693
560
898
549
1
282
632
921
510
337
564
691
111
657
874
604
570
407
655
634
923
344
38
704
509
66
15
919
756
18
532
801
578
430
702
579
64
687
852
574
376
416
265
839
425
492
443
348
899
451
982
174
147
372
230
656
790
246
927
546
264
459
699
194
241
754
125
305
441
977
879
817
745
496
657
522
988
452
870
239
255
204
414
402
577
996
410
367
594
337
266
858
148
317
404
389
71
881
694
864
210
925
34
955
422
43
830
762
495
700
2
103
905
768
857
482
116
268
201
711
957
467
921
106
137
326
847
208
559
542
425
770
819
459
77
593
502
907
356
997
608
710
452
513
830
310
347
298
578
900
9
887
368
931
993
857
609
841
65
168
735
490
938
906
301
16
500
803
923
208
153
883
270
605
748
100
915
95
750
845
996
760
733
716
691
78
573
652
271
990
820
358
833
759
265
486
127
117
290
402
325
443
638
595
400
386
47
316
834
797
513
182
909
598
250
952
677
175
604
300
517
425
659
350
536
276
189
15
393
479
769
718
274
407
665
674
794
712
990
980
861
856
162
771
454
412
723
131
939
680
432
456
105
443
159
993
719
348
8
112
827
129
182
101
537
847
775
683
911
118
663
124
974
177
247
428
941
971
912
880
651
696
336
108
139
495
453
210
843
813
674
22
942
856
475
479
55
251
514
318
721
529
442
695
706
690
475
999
13
387
879
16
435
568
476
926
415
929
136
611
742
810
633
684
18
109
516
73
712
382
743
433
912
186
480
618
228
955
970
593
695
849
609
482
769
437
409
185
366
545
796
460
708
429
496
726
890
12
152
954
395
895
387
659
433
219
277
661
527
247
254
222
449
215
704
218
652
465
403
370
11
551
830
719
333
327
797
223
691
949
178
438
197
917
97
630
137
727
644
664
326
250
238
127
466
294
346
470
760
101
841
123
653
23
842
338
350
991
913
394
293
91
832
490
361
282
472
850
9
116
514
335
719
104
463
185
398
161
7
510
614
848
633
619
872
827
957
574
819
871
968
112
314
153
954
675
435
426
525
796
895
391
131
614
495
946
151
246
459
158
756
74
359
390
693
583
569
3
157
388
874
478
852
188
983
806
216
418
585
93
214
480
485
697
446
332
996
597
578
455
107
687
881
466
77
927
49
998
930
559
387
156
389
591
696
372
398
912
142
335
358
356
167
843
405
613
527
401
562
106
209
669
145
90
136
574
369
537
572
651
448
959
807
837
551
504
561
301
768
703
988
126
59
155
321
465
120
849
218
682
307
427
351
452
870
839
26
239
377
950
243
825
910
50
15
813
906
576
466
27
280
454
153
691
609
827
508
81
28
727
763
335
154
114
139
376
954
517
616
683
467
211
508
729
261
875
894
520
452
360
547
84
166
700
775
127
879
284
208
907
363
971
594
517
438
85
246
392
954
862
75
422
73
935
503
686
811
398
206
615
110
105
699
277
806
826
756
37
462
965
945
825
288
539
695
726
977
941
118
931
155
545
705
580
833
209
618
644
959
825
611
421
930
310
50
88
488
807
478
951
124
423
128
412
314
823
139
291
116
609
223
271
155
928
851
988
489
470
984
800
647
595
222
929
257
624
370
745
431
848
48
907
623
177
320
937
352
459
581
469
420
156
92
927
436
296
915
926
118
251
78
765
198
300
46
455
277
416
553
708
616
953
968
239
482
288
177
835
99
110
656
519
266
748
447
702
44
714
980
162
318
59
279
516
711
326
324
340
94
877
401
711
830
369
950
313
657
479
500
108
941
508
979
207
256
778
262
653
845
594
167
163
5
799
679
69
477
3
409
571
232
810
634
415
179
937
80
188
768
580
296
710
88
628
269
696
406
883
701
251
830
869
414
835
20
446
256
497
801
666
420
386
828
55
801
360
344
881
900
112
813
549
174
901
177
444
949
583
679
651
187
509
872
601
697
892
399
953
389
553
971
809
291
800
864
92
160
208
325
60
673
138
609
847
391
138
643
340
722
323
991
909
184
863
862
881
755
614
835
144
519
806
306
810
958
522
902
470
731
579
883
756
717
844
603
108
983
247
448
57
922
792
318
106
655
180
340
763
146
175
259
665
333
565
827
644
88
81
114
171
660
997
927
377
842
530
837
177
129
638
234
403
430
552
510
437
84
850
200
231
377
460
248
62
377
76
706
465
157
821
636
818
170
915
547
364
798
385
541
927
375
127
331
805
679
193
594
116
395
147
699
124
959
947
186
336
375
893
802
885
66
790
55
236
706
602
953
504
339
494
783
714
974
466
871
5
11
818
121
758
965
820
882
924
120
69
260
495
314
414
380
732
557
787
968
615
390
921
471
81
768
254
148
742
73
371
747
84
189
221
843
154
41
77
430
513
498
691
9
812
457
741
544
14
529
865
629
271
138
452
704
258
707
852
352
132
576
452
568
765
673
763
272
66
841
702
580
339
745
941
152
203
682
48
569
563
265
551
186
404
3
891
14
62
95
367
194
671
819
763
437
844
526
61
910
367
763
490
59
861
431
563
64
466
611
985
29
229
536
568
985
540
459
999
602
906
366
797
578
537
912
367
381
790
428
292
510
543
134
569
404
566
132
820
384
95
158
765
324
694
333
309
234
144
661
189
51
379
338
981
917
602
348
650
392
128
294
902
23
429
471
780
347
955
600
731
403
110
848
727
805
182
389
391
678
402
932
729
781
270
710
698
872
410
701
265
538
995
519
914
776
343
694
123
298
646
206
701
757
55
781
562
589
522
305
267
924
238
349
705
860
411
756
733
822
457
350
712
804
869
626
581
564
672
56
863
319
615
916
76
22
49
990
611
923
295
230
199
533
579
257
394
991
13
479
165
822
181
229
626
402
208
559
967
880
968
182
199
583
450
627
605
500
617
568
775
265
798
975
150
378
232
544
721
597
375
238
771
556
467
749
959
27
309
926
908
277
460
459
212
910
439
817
762
56
385
538
321
183
865
472
913
449
368
634
398
96
872
169
4
692
918
963
719
579
241
979
208
701
791
420
612
230
237
726
286
974
264
960
158
481
784
71
930
504
58
328
600
282
849
605
974
768
920
46
699
514
25
908
567
816
328
179
398
566
906
37
540
522
997
50
4
133
474
286
637
884
615
238
166
816
195
493
936
115
539
636
629
916
544
197
85
224
728
483
790
986
520
683
861
869
85
217
2
911
503
640
795
470
230
962
287
425
455
223
892
346
859
874
262
755
423
347
980
503
183
122
490
703
157
703
573
243
920
927
154
775
567
302
246
149
264
885
574
71
108
819
417
320
693
31
427
116
731
407
619
914
882
461
969
391
516
894
634
436
822
141
212
741
795
810
891
59
695
817
482
155
636
251
827
329
282
255
797
365
14
769
279
248
230
601
640
747
495
626
535
317
119
99
59
914
261
950
973
956
767
807
464
756
58
291
85
693
898
235
58
913
4
690
513
234
291
153
333
138
780
221
456
899
320
515
814
582
817
139
890
936
947
706
692
357
998
130
50
248
365
461
161
369
503
27
955
794
180
641
932
960
862
740
212
534
607
26
468
424
517
359
713
464
65
405
822
415
535
224
664
252
685
177
621
540
204
929
334
385
570
619
697
784
711
909
318
319
287
787
95
805
498
808
621
915
214
443
331
101
20
347
354
57
524
327
598
81
608
284
466
178
255
515
962
967
425
633
638
64
420
733
869
270
542
491
185
108
286
868
561
306
215
267
716
740
947
314
173
555
950
639
734
206
506
48
173
283
33
811
348
453
896
217
75
790
708
261
898
347
129
812
653
697
79
721
789
378
35
962
934
338
953
20
544
459
420
69
743
454
232
91
259
128
660
335
919
369
948
169
716
77
981
721
126
413
443
915
791
830
877
77
168
830
97
64
642
518
133
385
972
365
828
231
846
488
918
117
209
866
286
277
296
620
999
422
385
794
338
176
976
567
254
497
398
703
561
40
221
47
777
545
764
957
129
610
445
47
727
655
266
366
932
562
986
283
984
371
429
674
899
406
242
505
255
992
209
816
384
782
863
513
328
980
470
457
590
267
856
670
922
122
36
207
36
374
842
373
745
624
47
996
382
641
502
637
985
63
453
369
845
669
882
173
649
704
982
591
972
191
261
246
313
649
805
702
23
0
75
120
624
474
117
6
116
971
643
453
34
448
823
879
469
57
53
470
762
387
62
86
578
675
332
244
677
490
946
700
490
21
821
114
847
290
120
315
261
763
769
295
563
592
174
33
1
579
503
115
967
917
201
545
945
886
789
622
376
87
674
866
108
495
980
308
785
452
623
398
567
392
693
130
336
868
163
338
447
19
805
766
288
359
312
233
245
453
207
973
541
882
839
1
729
171
309
515
623
933
265
190
677
959
672
14
827
188
704
626
207
509
393
495
868
57
81
465
510
288
438
403
170
629
757
